#month f10.7 f10.7avg f10.7max
0 72 74 77 74 76 78 74 78 82 78 79 79
1 71 74 81 74 74 74 74 77 82 78 78 78
2 70 73 76 74 74 74 73 78 83 78 79 79
3 69 74 81 74 74 74 74 80 86 79 80 81
4 71 75 85 72 73 74 78 83 91 81 81 81
5 68 72 77 72 72 73 78 81 87 81 81 82
6 67 71 80 73 74 77 75 80 87 82 83 86
7 71 79 96 78 82 86 80 89 100 86 90 94
8 85 96 119 86 88 91 97 100 103 94 96 99
9 79 85 91 91 92 93 92 98 103 99 100 102
10 86 100 118 93 95 96 97 105 120 102 102 103
11 85 99 117 96 97 97 95 104 114 103 104 105
12 81 93 108 94 95 96 92 104 110 103 104 105
13 83 93 107 95 99 103 93 103 110 104 106 108
14 90 109 133 103 106 108 97 110 123 109 111 113
15 88 108 141 109 110 110 101 117 131 114 115 116
16 87 107 133 106 107 109 103 114 125 116 116 117
17 96 108 122 108 109 111 108 119 128 116 117 117
18 99 114 129 112 119 127 118 118 118 117 118 119
19 109 136 179 127 130 133 118 118 118 118 118 118
20 116 138 177 130 132 133 118 118 118 118 119 122
21 103 117 135 128 130 132 118 120 130 122 125 131
22 115 140 168 132 136 140 123 139 158 131 136 140
23 129 150 184 140 143 147 140 147 159 139 141 142
24 110 141 178 142 145 147 128 136 143 138 139 140
25 99 142 205 135 139 143 115 138 159 137 138 139
26 102 126 156 127 130 135 119 139 154 137 138 139
27 98 117 141 127 130 134 111 132 151 139 141 144
28 127 149 178 134 144 154 130 153 168 145 152 159
29 139 170 210 155 161 167 154 171 192 160 165 170
30 130 166 206 164 166 169 156 172 200 169 170 171
31 123 171 248 155 159 166 146 169 194 161 164 170
32 107 136 163 153 156 159 136 151 184 158 160 162
33 122 165 200 160 165 169 149 159 168 160 162 165
34 143 192 249 169 176 181 157 177 193 165 169 170
35 130 170 217 166 174 178 144 169 192 169 172 173
36 126 158 211 163 167 172 142 167 200 170 171 173
37 138 173 227 172 179 186 155 177 194 174 179 183
38 178 208 234 185 189 192 173 193 213 183 187 189
39 158 184 223 187 191 195 179 192 214 188 189 191
40 127 185 262 181 183 187 165 183 212 184 186 188
41 148 180 202 184 191 196 165 185 206 185 191 195
42 148 202 262 181 185 187 176 207 234 193 196 197
43 131 163 194 174 180 184 162 189 213 187 192 195
44 133 182 232 170 171 173 166 181 197 181 183 187
45 140 168 203 173 176 179 166 183 197 181 182 183
46 144 179 205 171 173 176 157 185 224 182 183 184
47 135 174 201 172 174 176 156 184 209 182 183 184
48 152 167 184 160 165 172 172 178 185 175 179 183
49 130 147 170 155 161 167 158 170 184 171 174 176
50 130 178 274 165 168 170 155 175 218 174 174 176
51 123 178 258 169 170 172 152 178 215 173 174 174
52 129 148 185 160 165 171 151 165 186 170 172 174
53 133 174 221 150 153 160 162 176 190 165 167 170
54 115 131 150 151 154 158 142 156 168 166 166 167
55 120 163 199 158 173 187 143 168 180 167 173 181
56 183 234 285 188 203 218 174 199 230 182 191 200
57 171 208 248 218 220 222 192 207 222 201 204 206
58 170 213 271 214 220 226 182 201 232 204 206 209
59 206 236 275 223 224 225 197 211 232 207 209 212
60 189 227 261 217 223 227 197 219 235 211 212 213
61 188 205 246 201 206 216 199 205 218 202 206 211
62 166 179 204 186 193 201 181 191 196 191 196 202
63 147 190 226 181 183 186 171 189 203 183 187 191
64 157 178 191 161 172 181 161 180 194 171 177 183
65 131 149 179 159 162 165 150 163 183 164 166 170
66 129 174 242 163 168 175 144 161 181 163 165 167
67 135 184 241 176 181 183 149 172 202 167 170 172
68 138 176 221 174 178 182 153 174 198 170 172 173
69 136 167 183 164 170 174 150 164 180 163 166 170
70 137 169 199 162 165 169 149 162 176 160 163 166
71 114 157 213 148 157 162 135 164 177 154 158 161
72 115 144 189 136 143 148 133 149 172 144 150 154
73 102 125 150 129 133 136 111 135 151 134 138 143
74 89 132 160 126 127 129 102 131 153 126 130 133
75 99 126 158 121 123 126 109 128 149 123 125 126
76 92 116 149 122 124 126 104 123 142 124 125 126
77 106 129 193 125 126 127 107 125 139 125 126 127
78 99 128 157 122 126 128 108 127 134 125 126 126
79 107 122 137 117 119 122 114 124 136 123 124 125
80 94 112 137 115 122 132 106 121 135 122 123 126
81 92 151 279 129 135 141 110 129 185 123 125 127
82 91 141 210 137 138 140 100 128 153 123 124 126
83 86 115 143 121 126 140 92 118 143 117 119 123
84 87 114 135 111 113 120 96 109 126 111 113 117
85 95 107 122 108 110 111 101 109 120 109 111 112
86 90 112 129 105 107 108 101 114 125 109 111 112
87 88 101 117 102 104 105 99 109 117 108 109 110
88 85 100 118 97 99 102 99 104 111 102 105 107
89 82 97 119 97 104 108 93 102 109 102 103 104
90 78 119 175 106 110 112 89 105 125 103 104 105
91 83 110 149 107 112 115 88 105 118 103 105 106
92 88 103 131 102 105 107 93 103 112 102 103 105
93 87 106 140 106 107 108 92 105 122 104 104 105
94 95 114 141 106 106 107 103 108 113 104 104 104
95 85 95 111 99 103 106 92 97 106 99 101 103
96 83 102 145 97 99 100 86 98 119 95 97 98
97 75 97 122 93 97 99 76 94 109 92 94 95
98 74 90 114 90 91 93 76 88 101 88 90 91
99 77 86 106 91 92 93 81 86 92 88 89 90
100 82 100 126 93 95 99 85 92 100 89 90 91
101 77 94 116 94 96 99 82 89 98 90 91 92
102 71 96 130 91 93 95 76 92 107 89 89 90
103 75 91 111 89 91 95 72 88 103 87 88 90
104 72 91 119 85 86 89 74 87 101 84 85 87
105 72 77 83 83 84 85 70 78 83 80 82 84
106 77 86 102 83 85 86 76 80 84 80 81 82
107 85 91 106 86 87 88 79 86 93 82 83 83
108 77 83 94 81 83 86 76 83 89 80 81 83
109 74 77 79 78 79 80 72 76 79 77 78 80
110 72 75 86 79 80 82 71 74 78 77 78 80
111 76 89 101 82 82 83 78 84 92 79 80 82
112 72 81 93 81 82 83 72 83 92 80 81 82
113 72 77 86 76 78 81 73 76 82 76 78 80
114 70 76 87 76 77 78 70 74 82 74 75 76
115 70 79 89 77 78 79 69 73 79 74 74 75
116 70 78 87 78 78 78 67 75 82 74 74 74
117 70 74 80 78 79 81 66 72 78 74 74 75
118 77 86 97 81 83 84 73 77 81 74 74 75
119 72 84 103 84 84 85 68 75 90 75 75 75
120 76 83 92 79 81 84 72 75 80 73 73 74
121 73 78 90 75 77 79 68 72 77 71 72 73
122 69 72 76 73 74 75 64 69 73 68 69 71
123 68 72 87 73 73 75 63 67 71 68 68 69
124 67 74 87 74 74 75 66 68 71 68 69 69
125 65 74 87 72 73 75 61 70 79 68 68 69
126 66 72 79 70 71 72 62 67 70 65 66 68
127 67 69 72 68 69 70 62 64 66 63 64 65
128 65 67 71 68 68 68 60 61 65 62 62 63
129 66 68 69 68 68 70 59 62 66 61 61 62
130 67 70 72 70 72 74 59 60 63 61 62 63
131 71 79 94 74 75 75 60 65 71 63 64 65
132 70 74 80 72 74 75 60 67 76 64 64 65
133 70 71 73 72 72 72 61 64 67 63 64 64
134 68 73 89 71 72 72 60 64 72 63 63 63
135 67 70 78 70 71 71 63 66 71 63 63 63
136 66 68 72 67 68 70 60 63 68 62 62 63
137 65 66 67 66 67 67 59 61 63 61 61 62
138 65 66 67 66 66 66 58 61 64 61 61 61
139 65 66 68 66 66 67 59 60 62 60 61 61
140 65 67 69 67 67 68 59 61 63 61 61 61
141 66 68 72 68 68 68 60 63 65 61 62 62
142 67 69 71 69 69 69 60 62 65 61 62 62
143 68 69 71 69 69 69 60 61 63 61 62 62
